# program HELIOS [x-unit: Hz, y-unit: dB/m]
+1.0000e+08 +1.2599e-03
+1.2105e+08 +1.3889e-03
+1.4211e+08 +1.5075e-03
+1.6316e+08 +1.6180e-03
+1.8421e+08 +1.7219e-03
+2.0526e+08 +1.8202e-03
+2.2632e+08 +1.9139e-03
+2.4737e+08 +2.0036e-03
+2.6842e+08 +2.0897e-03
+2.8947e+08 +2.1727e-03
+3.1053e+08 +2.2529e-03
+3.3158e+08 +2.3306e-03
+3.5263e+08 +2.4060e-03
+3.7368e+08 +2.4794e-03
+3.9474e+08 +2.5508e-03
+4.1579e+08 +2.6205e-03
+4.3684e+08 +2.6886e-03
+4.5789e+08 +2.7552e-03
+4.7895e+08 +2.8203e-03
+5.0000e+08 +2.8842e-03
