# program HELIOS [x-unit: Hz, y-unit: dB/m]
+1.0000e+08 +1.2851e-03
+1.2105e+08 +1.4187e-03
+1.4211e+08 +1.5418e-03
+1.6316e+08 +1.6567e-03
+1.8421e+08 +1.7649e-03
+2.0526e+08 +1.8675e-03
+2.2632e+08 +1.9655e-03
+2.4737e+08 +2.0593e-03
+2.6842e+08 +2.1496e-03
+2.8947e+08 +2.2367e-03
+3.1053e+08 +2.3210e-03
+3.3158e+08 +2.4027e-03
+3.5263e+08 +2.4821e-03
+3.7368e+08 +2.5595e-03
+3.9474e+08 +2.6349e-03
+4.1579e+08 +2.7085e-03
+4.3684e+08 +2.7805e-03
+4.5789e+08 +2.8510e-03
+4.7895e+08 +2.9200e-03
+5.0000e+08 +2.9878e-03
