# program HELIOS [x-unit: Hz, y-unit: W/m]
+1.0000e+08 +3.4602e+01
+1.2105e+08 +3.8182e+01
+1.4211e+08 +4.1479e+01
+1.6316e+08 +4.4555e+01
+1.8421e+08 +4.7450e+01
+2.0526e+08 +5.0195e+01
+2.2632e+08 +5.2814e+01
+2.4737e+08 +5.5322e+01
+2.6842e+08 +5.7734e+01
+2.8947e+08 +6.0061e+01
+3.1053e+08 +6.2312e+01
+3.3158e+08 +6.4494e+01
+3.5263e+08 +6.6615e+01
+3.7368e+08 +6.8679e+01
+3.9474e+08 +7.0692e+01
+4.1579e+08 +7.2656e+01
+4.3684e+08 +7.4577e+01
+4.5789e+08 +7.6456e+01
+4.7895e+08 +7.8298e+01
+5.0000e+08 +8.0103e+01
