# program HELIOS [x-unit: Hz, y-unit: W/m]
+1.0000e+08 +3.5751e+01
+1.2105e+08 +3.9539e+01
+1.4211e+08 +4.3041e+01
+1.6316e+08 +4.6317e+01
+1.8421e+08 +4.9410e+01
+2.0526e+08 +5.2350e+01
+2.2632e+08 +5.5161e+01
+2.4737e+08 +5.7860e+01
+2.6842e+08 +6.0460e+01
+2.8947e+08 +6.2974e+01
+3.1053e+08 +6.5410e+01
+3.3158e+08 +6.7776e+01
+3.5263e+08 +7.0080e+01
+3.7368e+08 +7.2325e+01
+3.9474e+08 +7.4517e+01
+4.1579e+08 +7.6661e+01
+4.3684e+08 +7.8759e+01
+4.5789e+08 +8.0816e+01
+4.7895e+08 +8.2833e+01
+5.0000e+08 +8.4814e+01
