# program HELIOS [x-unit: Hz, y-unit: W/m]
+1.0000e+08 +2.3417e+01
+1.2105e+08 +2.5778e+01
+1.4211e+08 +2.7944e+01
+1.6316e+08 +2.9957e+01
+1.8421e+08 +3.1845e+01
+2.0526e+08 +3.3629e+01
+2.2632e+08 +3.5325e+01
+2.4737e+08 +3.6946e+01
+2.6842e+08 +3.8500e+01
+2.8947e+08 +3.9995e+01
+3.1053e+08 +4.1438e+01
+3.3158e+08 +4.2833e+01
+3.5263e+08 +4.4186e+01
+3.7368e+08 +4.5499e+01
+3.9474e+08 +4.6778e+01
+4.1579e+08 +4.8023e+01
+4.3684e+08 +4.9237e+01
+4.5789e+08 +5.0424e+01
+4.7895e+08 +5.1584e+01
+5.0000e+08 +5.2719e+01
