# program HELIOS [x-unit: Hz, y-unit: W/m]
+1.0000e+08 +2.3429e+01
+1.2105e+08 +2.5793e+01
+1.4211e+08 +2.7961e+01
+1.6316e+08 +2.9976e+01
+1.8421e+08 +3.1867e+01
+2.0526e+08 +3.3653e+01
+2.2632e+08 +3.5352e+01
+2.4737e+08 +3.6975e+01
+2.6842e+08 +3.8531e+01
+2.8947e+08 +4.0029e+01
+3.1053e+08 +4.1474e+01
+3.3158e+08 +4.2872e+01
+3.5263e+08 +4.4227e+01
+3.7368e+08 +4.5543e+01
+3.9474e+08 +4.6824e+01
+4.1579e+08 +4.8071e+01
+4.3684e+08 +4.9289e+01
+4.5789e+08 +5.0477e+01
+4.7895e+08 +5.1640e+01
+5.0000e+08 +5.2778e+01
