# program HELIOS [x-unit: Hz, y-unit: W/m]
+1.0000e+08 +5.8019e+01
+1.2105e+08 +6.3960e+01
+1.4211e+08 +6.9423e+01
+1.6316e+08 +7.4511e+01
+1.8421e+08 +7.9294e+01
+2.0526e+08 +8.3824e+01
+2.2632e+08 +8.8139e+01
+2.4737e+08 +9.2267e+01
+2.6842e+08 +9.6233e+01
+2.8947e+08 +1.0006e+02
+3.1053e+08 +1.0375e+02
+3.3158e+08 +1.0733e+02
+3.5263e+08 +1.1080e+02
+3.7368e+08 +1.1418e+02
+3.9474e+08 +1.1747e+02
+4.1579e+08 +1.2068e+02
+4.3684e+08 +1.2381e+02
+4.5789e+08 +1.2688e+02
+4.7895e+08 +1.2988e+02
+5.0000e+08 +1.3282e+02
