# program HELIOS [x-unit: Hz, y-unit: W/m]
+1.0000e+08 +5.9180e+01
+1.2105e+08 +6.5332e+01
+1.4211e+08 +7.1002e+01
+1.6316e+08 +7.6293e+01
+1.8421e+08 +8.1276e+01
+2.0526e+08 +8.6003e+01
+2.2632e+08 +9.0513e+01
+2.4737e+08 +9.4834e+01
+2.6842e+08 +9.8991e+01
+2.8947e+08 +1.0300e+02
+3.1053e+08 +1.0688e+02
+3.3158e+08 +1.1065e+02
+3.5263e+08 +1.1431e+02
+3.7368e+08 +1.1787e+02
+3.9474e+08 +1.2134e+02
+4.1579e+08 +1.2473e+02
+4.3684e+08 +1.2805e+02
+4.5789e+08 +1.3129e+02
+4.7895e+08 +1.3447e+02
+5.0000e+08 +1.3759e+02
