# program HELIOS [x-unit: Hz, y-unit: W/m]
+1.0000e+08 +3.1253e+01
+1.2105e+08 +3.4479e+01
+1.4211e+08 +3.7445e+01
+1.6316e+08 +4.0205e+01
+1.8421e+08 +4.2800e+01
+2.0526e+08 +4.5255e+01
+2.2632e+08 +4.7594e+01
+2.4737e+08 +4.9830e+01
+2.6842e+08 +5.1977e+01
+2.8947e+08 +5.4046e+01
+3.1053e+08 +5.6044e+01
+3.3158e+08 +5.7978e+01
+3.5263e+08 +5.9856e+01
+3.7368e+08 +6.1681e+01
+3.9474e+08 +6.3458e+01
+4.1579e+08 +6.5190e+01
+4.3684e+08 +6.6882e+01
+4.5789e+08 +6.8536e+01
+4.7895e+08 +7.0154e+01
+5.0000e+08 +7.1740e+01
