# program HELIOS [x-unit: Hz, y-unit: W/m]
+1.0000e+08 +5.3731e+01
+1.2105e+08 +5.9190e+01
+1.4211e+08 +6.4209e+01
+1.6316e+08 +6.8883e+01
+1.8421e+08 +7.3277e+01
+2.0526e+08 +7.7438e+01
+2.2632e+08 +8.1401e+01
+2.4737e+08 +8.5194e+01
+2.6842e+08 +8.8838e+01
+2.8947e+08 +9.2350e+01
+3.1053e+08 +9.5744e+01
+3.3158e+08 +9.9033e+01
+3.5263e+08 +1.0223e+02
+3.7368e+08 +1.0533e+02
+3.9474e+08 +1.0836e+02
+4.1579e+08 +1.1131e+02
+4.3684e+08 +1.1419e+02
+4.5789e+08 +1.1701e+02
+4.7895e+08 +1.1977e+02
+5.0000e+08 +1.2248e+02
