# program HELIOS [x-unit: Hz, y-unit: W/m]
+1.0000e+08 +2.1924e+01
+1.2105e+08 +2.4014e+01
+1.4211e+08 +2.5924e+01
+1.6316e+08 +2.7694e+01
+1.8421e+08 +2.9351e+01
+2.0526e+08 +3.0915e+01
+2.2632e+08 +3.2399e+01
+2.4737e+08 +3.3815e+01
+2.6842e+08 +3.5171e+01
+2.8947e+08 +3.6475e+01
+3.1053e+08 +3.7732e+01
+3.3158e+08 +3.8947e+01
+3.5263e+08 +4.0125e+01
+3.7368e+08 +4.1267e+01
+3.9474e+08 +4.2379e+01
+4.1579e+08 +4.3461e+01
+4.3684e+08 +4.4516e+01
+4.5789e+08 +4.5547e+01
+4.7895e+08 +4.6554e+01
+5.0000e+08 +4.7540e+01
