# program HELIOS [x-unit: Hz, y-unit: W]
+1.0000e+08 +1.5627e+01
+1.2105e+08 +1.7240e+01
+1.4211e+08 +1.8722e+01
+1.6316e+08 +2.0103e+01
+1.8421e+08 +2.1400e+01
+2.0526e+08 +2.2628e+01
+2.2632e+08 +2.3797e+01
+2.4737e+08 +2.4915e+01
+2.6842e+08 +2.5989e+01
+2.8947e+08 +2.7023e+01
+3.1053e+08 +2.8022e+01
+3.3158e+08 +2.8989e+01
+3.5263e+08 +2.9928e+01
+3.7368e+08 +3.0840e+01
+3.9474e+08 +3.1729e+01
+4.1579e+08 +3.2595e+01
+4.3684e+08 +3.3441e+01
+4.5789e+08 +3.4268e+01
+4.7895e+08 +3.5077e+01
+5.0000e+08 +3.5870e+01
