# program HELIOS [x-unit: Hz, y-unit: W]
+1.0000e+08 +2.1492e+01
+1.2105e+08 +2.3676e+01
+1.4211e+08 +2.5684e+01
+1.6316e+08 +2.7553e+01
+1.8421e+08 +2.9311e+01
+2.0526e+08 +3.0975e+01
+2.2632e+08 +3.2561e+01
+2.4737e+08 +3.4078e+01
+2.6842e+08 +3.5535e+01
+2.8947e+08 +3.6940e+01
+3.1053e+08 +3.8298e+01
+3.3158e+08 +3.9613e+01
+3.5263e+08 +4.0890e+01
+3.7368e+08 +4.2132e+01
+3.9474e+08 +4.3342e+01
+4.1579e+08 +4.4523e+01
+4.3684e+08 +4.5676e+01
+4.5789e+08 +4.6804e+01
+4.7895e+08 +4.7909e+01
+5.0000e+08 +4.8991e+01
