# program HELIOS [x-unit: Hz, y-unit: W]
+1.0000e+08 +1.0962e+01
+1.2105e+08 +1.2007e+01
+1.4211e+08 +1.2962e+01
+1.6316e+08 +1.3847e+01
+1.8421e+08 +1.4676e+01
+2.0526e+08 +1.5457e+01
+2.2632e+08 +1.6199e+01
+2.4737e+08 +1.6907e+01
+2.6842e+08 +1.7585e+01
+2.8947e+08 +1.8238e+01
+3.1053e+08 +1.8866e+01
+3.3158e+08 +1.9474e+01
+3.5263e+08 +2.0062e+01
+3.7368e+08 +2.0634e+01
+3.9474e+08 +2.1189e+01
+4.1579e+08 +2.1730e+01
+4.3684e+08 +2.2258e+01
+4.5789e+08 +2.2773e+01
+4.7895e+08 +2.3277e+01
+5.0000e+08 +2.3770e+01
